CONVECTION LINE full Genneia
NumberOfNodes:
201
NodesID:
102    
104    
107    
113    
118    
125    
134    
141    
151    
162    
170    
182    
194    
205    
215    
225    
238    
250    
263    
275    
287    
299    
310    
321    
334    
347    
359    
372    
385    
398    
411    
423    
436    
449    
462    
474    
487    
500    
513    
525    
538    
551    
563    
576    
588    
601    
613    
624    
637    
650    
663    
676    
689    
702    
715    
728    
741    
754    
767    
780    
793    
806    
819    
832    
845    
858    
871    
884    
897    
910    
923    
936    
949    
962    
975    
988    
1001   
1014   
1027   
1040   
1053   
1066   
1079   
1092   
1105   
1118   
1131   
1144   
1157   
1170   
1183   
1196   
1209   
1222   
1235   
1248   
1261   
1274   
1287   
1300   
1313   
1326   
1339   
1352   
1365   
1378   
1391   
1404   
1417   
1430   
1443   
1456   
1469   
1482   
1495   
1508   
1521   
1534   
1547   
1560   
1573   
1586   
1599   
1612   
1625   
1638   
1651   
1664   
1677   
1690   
1703   
1716   
1729   
1742   
1755   
1768   
1781   
1794   
1807   
1820   
1833   
1846   
1859   
1872   
1885   
1898   
1911   
1924   
1937   
1950   
1963   
1976   
1989   
2002   
2015   
2028   
2041   
2054   
2067   
2080   
2093   
2106   
2119   
2132   
2145   
2158   
2171   
2184   
2197   
2210   
2223   
2236   
2249   
2262   
2275   
2288   
2301   
2314   
2327   
2340   
2353   
2366   
2379   
2392   
2405   
2418   
2431   
2444   
2457   
2470   
2483   
2496   
2509   
2522   
2535   
2548   
2561   
2574   
2587   
2600   
2613   